69 0 0.223764
86 0 0.132653
88 0 0.223764
106 0 0.223764
42 1 0.110532
74 1 0.123460
103 1 0.152566
20 2 0.178452
92 2 0.209484
12 3 0.188506
26 3 0.083295
26 4 0.083295
43 4 0.105404
56 4 0.191881
158 4 0.19753
161 4 0.18695
26 5 0.083295
59 5 0.113500
85 5 0.080721
22 6 0.070155
33 6 0.178897
35 6 0.178897
55 7 0.128093
98 7 0.092980
153 7 0.12809
157 7 0.12809
17 8 0.096897
78 8 0.166986
96 8 0.166986
39 9 0.212450
53 9 0.203589
122 9 0.20380
22 10 0.07015
86 10 0.09224
165 10 0.0922
26 11 0.08329
27 11 0.10181
3 12 0.188506
17 12 0.09689
20 12 0.17845
23 12 0.18850
26 12 0.08329
34 12 0.18850
57 12 0.08867
58 12 0.18850
68 12 0.16683
141 12 0.1885
147 12 0.1885
162 12 0.1885
119 13 0.2378
123 13 0.2403
26 14 0.08329
81 14 0.23775
26 15 0.08329
55 15 0.19847
72 15 0.17408
98 15 0.09298
112 15 0.1738
86 16 0.13265
101 16 0.1479
117 16 0.1479
154 16 0.0939
8 17 0.096897
12 17 0.09689
26 17 0.08329
29 17 0.09689
54 17 0.09689
66 17 0.09689
68 17 0.09689
75 17 0.09689
86 17 0.09689
135 17 0.0968
151 17 0.0968
26 18 0.08329
65 18 0.20253
90 18 0.17807
48 19 0.23379
120 19 0.1613
2 20 0.178452
12 20 0.17845
26 20 0.08329
68 20 0.16683
71 20 0.17845
92 20 0.17845
109 20 0.1784
151 20 0.1319
166 20 0.1409
30 21 0.11643
87 21 0.11643
145 21 0.1164
6 22 0.070155
10 22 0.07015
33 22 0.07015
35 22 0.07015
70 22 0.07015
12 23 0.18850
26 23 0.08329
147 23 0.2231
55 24 0.19847
98 24 0.09298
26 25 0.08329
49 25 0.16154
57 25 0.08867
99 25 0.19669
149 25 0.1550
3 26 0.083295
4 26 0.083295
5 26 0.083295
11 26 0.08329
12 26 0.08329
14 26 0.08329
15 26 0.08329
17 26 0.08329
18 26 0.08329
20 26 0.08329
23 26 0.08329
25 26 0.08329
27 26 0.08329
28 26 0.04868
32 26 0.08329
37 26 0.08329
38 26 0.08329
40 26 0.08329
42 26 0.08329
56 26 0.08329
57 26 0.08329
58 26 0.08329
59 26 0.08329
61 26 0.08329
65 26 0.08329
67 26 0.08329
68 26 0.08329
72 26 0.08329
73 26 0.08329
75 26 0.08329
79 26 0.06526
81 26 0.08329
85 26 0.08072
86 26 0.08329
90 26 0.08329
93 26 0.08329
94 26 0.08329
102 26 0.0832
112 26 0.0832
136 26 0.0832
137 26 0.0832
138 26 0.0832
140 26 0.0832
141 26 0.0832
143 26 0.0832
146 26 0.0832
147 26 0.0832
148 26 0.0832
149 26 0.0832
153 26 0.0832
156 26 0.0832
159 26 0.0832
160 26 0.0832
161 26 0.0832
11 27 0.10181
26 27 0.08329
63 27 0.10181
85 27 0.08072
26 28 0.04868
137 28 0.0486
17 29 0.09689
21 30 0.11643
87 30 0.15227
133 30 0.0447
134 30 0.1251
145 30 0.1906
127 31 0.0690
142 31 0.0690
152 31 0.0690
26 32 0.08329
6 33 0.178897
22 33 0.07015
35 33 0.19103
41 33 0.19338
128 33 0.1040
12 34 0.18850
162 34 0.2242
6 35 0.178897
22 35 0.07015
33 35 0.19103
45 36 0.17764
75 36 0.12597
76 36 0.13169
103 36 0.1525
118 36 0.1109
26 37 0.08329
65 37 0.17987
136 37 0.1262
26 38 0.08329
146 38 0.2142
160 38 0.2154
9 39 0.212450
48 39 0.21245
53 39 0.20358
122 39 0.2038
26 40 0.08329
143 40 0.1874
33 41 0.19338
128 41 0.1040
1 42 0.110532
26 42 0.08329
55 42 0.11053
57 42 0.08867
68 42 0.11053
95 42 0.11053
133 42 0.0447
4 43 0.105404
158 43 0.1054
66 44 0.11317
131 44 0.0984
36 45 0.17764
103 45 0.1525
118 45 0.1109
64 46 0.15569
131 46 0.0984
139 46 0.1556
146 47 0.0949
19 48 0.23379
39 48 0.21245
120 48 0.1613
25 49 0.16154
57 49 0.08867
60 50 0.08922
76 50 0.08922
89 50 0.08922
90 51 0.17807
108 51 0.1472
66 52 0.15492
91 52 0.23528
121 52 0.2352
150 52 0.2189
9 53 0.203589
39 53 0.20358
101 53 0.1700
111 53 0.2035
122 53 0.2035
17 54 0.09689
135 54 0.2301
7 55 0.128093
15 55 0.19847
24 55 0.19847
42 55 0.11053
98 55 0.09298
116 55 0.1984
4 56 0.191881
26 56 0.08329
161 56 0.1869
12 57 0.08867
25 57 0.08867
26 57 0.08329
42 57 0.08867
49 57 0.08867
87 57 0.08867
95 57 0.08867
99 57 0.08867
148 57 0.0886
149 57 0.0886
151 57 0.0886
156 57 0.0886
166 57 0.0886
12 58 0.18850
26 58 0.08329
141 58 0.2116
5 59 0.113500
26 59 0.08329
73 59 0.12097
85 59 0.08072
50 60 0.08922
89 60 0.10039
107 60 0.1003
114 60 0.1003
124 60 0.1003
26 61 0.08329
68 62 0.16683
27 63 0.10181
46 64 0.15569
18 65 0.20253
26 65 0.08329
37 65 0.17987
86 65 0.13265
90 65 0.17807
136 65 0.1262
17 66 0.09689
44 66 0.11317
52 66 0.15492
86 66 0.13265
150 66 0.1549
26 67 0.08329
12 68 0.16683
17 68 0.09689
20 68 0.16683
26 68 0.08329
42 68 0.11053
62 68 0.16683
98 68 0.09298
100 68 0.1668
116 68 0.1668
0 69 0.223764
84 69 0.18031
86 69 0.13265
88 69 0.23174
22 70 0.07015
104 70 0.1027
131 70 0.0984
155 70 0.0966
164 70 0.0828
20 71 0.17845
15 72 0.17408
26 72 0.08329
112 72 0.1738
26 73 0.08329
59 73 0.12097
85 73 0.08072
1 74 0.123460
105 74 0.1234
152 74 0.1207
17 75 0.09689
26 75 0.08329
36 75 0.12597
76 75 0.12597
98 75 0.09298
102 75 0.1259
119 75 0.1259
166 75 0.1259
36 76 0.13169
50 76 0.08922
75 76 0.12597
86 76 0.13169
130 76 0.1066
154 76 0.0939
86 77 0.13265
129 77 0.1542
130 77 0.1066
132 77 0.1786
163 77 0.1354
8 78 0.166986
96 78 0.18619
26 79 0.06526
128 80 0.1040
14 81 0.23775
26 81 0.08329
94 81 0.19380
112 81 0.1738
153 81 0.1875
84 82 0.18031
88 82 0.21969
110 83 0.2256
134 83 0.1251
157 83 0.2159
69 84 0.18031
82 84 0.18031
86 84 0.13265
88 84 0.18031
5 85 0.080721
26 85 0.08072
27 85 0.08072
59 85 0.08072
73 85 0.08072
142 85 0.0807
0 86 0.132653
10 86 0.09224
16 86 0.13265
17 86 0.09689
26 86 0.08329
65 86 0.13265
66 86 0.13265
69 86 0.13265
76 86 0.13169
77 86 0.13265
84 86 0.13265
88 86 0.13265
106 86 0.1326
129 86 0.1326
154 86 0.0939
21 87 0.11643
30 87 0.15227
57 87 0.08867
145 87 0.1522
0 88 0.223764
69 88 0.23174
82 88 0.21969
84 88 0.18031
86 88 0.13265
50 89 0.08922
60 89 0.10039
18 90 0.17807
26 90 0.08329
51 90 0.17807
65 90 0.17807
95 90 0.17807
97 90 0.17807
108 90 0.1472
125 90 0.1426
155 90 0.0966
52 91 0.23528
121 91 0.2415
2 92 0.209484
20 92 0.17845
26 93 0.08329
156 93 0.2131
26 94 0.08329
81 94 0.19380
112 94 0.1738
153 94 0.1875
42 95 0.11053
57 95 0.08867
90 95 0.17807
8 96 0.166986
78 96 0.18619
90 97 0.17807
7 98 0.092980
15 98 0.09298
24 98 0.09298
55 98 0.09298
68 98 0.09298
75 98 0.09298
100 98 0.0929
103 98 0.0929
116 98 0.0929
150 98 0.0929
25 99 0.19669
57 99 0.08867
68 100 0.1668
98 100 0.0929
116 100 0.200
16 101 0.1479
53 101 0.1700
117 101 0.170
154 101 0.093
26 102 0.0832
75 102 0.1259
1 103 0.15256
36 103 0.1525
45 103 0.1525
98 103 0.0929
118 103 0.110
151 103 0.131
70 104 0.1027
155 104 0.096
164 104 0.082
74 105 0.1234
0 106 0.22376
86 106 0.1326
60 107 0.1003
114 107 0.151
124 107 0.151
51 108 0.1472
90 108 0.1472
20 109 0.1784
166 109 0.140
83 110 0.2256
134 110 0.125
157 110 0.215
53 111 0.2035
113 111 0.212
126 111 0.175
144 111 0.139
15 112 0.1738
26 112 0.0832
72 112 0.1738
81 112 0.1738
94 112 0.1738
153 112 0.173
111 113 0.212
126 113 0.175
144 113 0.139
60 114 0.1003
107 114 0.151
124 114 0.171
143 115 0.187
55 116 0.1984
68 116 0.1668
98 116 0.0929
100 116 0.200
16 117 0.1479
101 117 0.170
154 117 0.093
36 118 0.1109
45 118 0.1109
103 118 0.110
13 119 0.2378
75 119 0.1259
123 119 0.237
19 120 0.1613
48 120 0.1613
122 120 0.161
151 120 0.131
52 121 0.2352
91 121 0.2415
9 122 0.20380
39 122 0.2038
53 122 0.2035
120 122 0.161
151 122 0.131
13 123 0.2403
119 123 0.237
60 124 0.1003
107 124 0.151
114 124 0.171
90 125 0.1426
111 126 0.175
113 126 0.175
144 126 0.139
31 127 0.0690
142 127 0.097
152 127 0.097
154 127 0.093
33 128 0.1040
41 128 0.1040
80 128 0.1040
77 129 0.1542
86 129 0.1326
132 129 0.154
163 129 0.135
76 130 0.1066
77 130 0.1066
152 130 0.106
44 131 0.0984
46 131 0.0984
70 131 0.0984
77 132 0.1786
129 132 0.154
163 132 0.135
30 133 0.0447
42 133 0.0447
134 133 0.044
30 134 0.1251
83 134 0.1251
110 134 0.125
133 134 0.044
157 134 0.125
17 135 0.0968
54 135 0.2301
26 136 0.0832
37 136 0.1262
65 136 0.1262
26 137 0.0832
28 137 0.0486
26 138 0.0832
46 139 0.1556
26 140 0.0832
12 141 0.1885
26 141 0.0832
58 141 0.2116
31 142 0.0690
85 142 0.0807
127 142 0.097
152 142 0.120
26 143 0.0832
40 143 0.1874
115 143 0.187
111 144 0.139
113 144 0.139
126 144 0.139
21 145 0.1164
30 145 0.1906
87 145 0.1522
26 146 0.0832
38 146 0.2142
47 146 0.0949
160 146 0.214
12 147 0.1885
23 147 0.2231
26 147 0.0832
26 148 0.0832
57 148 0.0886
25 149 0.1550
26 149 0.0832
57 149 0.0886
52 150 0.2189
66 150 0.1549
98 150 0.0929
17 151 0.0968
20 151 0.1319
57 151 0.0886
103 151 0.131
120 151 0.131
122 151 0.131
166 151 0.131
31 152 0.0690
74 152 0.1207
127 152 0.097
130 152 0.106
142 152 0.120
7 153 0.12809
26 153 0.0832
81 153 0.1875
94 153 0.1875
112 153 0.173
16 154 0.0939
76 154 0.0939
86 154 0.0939
101 154 0.093
117 154 0.093
127 154 0.093
70 155 0.0966
90 155 0.0966
104 155 0.096
164 155 0.082
26 156 0.0832
57 156 0.0886
93 156 0.2131
7 157 0.12809
83 157 0.2159
110 157 0.215
134 157 0.125
4 158 0.19753
43 158 0.1054
26 159 0.0832
26 160 0.0832
38 160 0.2154
146 160 0.214
4 161 0.18695
26 161 0.0832
56 161 0.1869
12 162 0.1885
34 162 0.2242
77 163 0.1354
129 163 0.135
132 163 0.135
70 164 0.0828
104 164 0.082
155 164 0.082
10 165 0.0922
20 166 0.1409
57 166 0.0886
75 166 0.1259
109 166 0.140
151 166 0.131
